50
21
16 15 13 19 21 8 6 18 4 14 9 17 12 11 20 7 10 5 1 3 2
19
5 19 11 8 18 7 10 12 15 3 14 4 9 13 2 6 16 17 1
12
7 8 4 1 10 2 9 6 12 5 11 3
23
5 9 22 4 19 23 15 6 20 1 2 3 16 8 18 11 13 14 10 17 21 7 12
3
1 3 2
18
10 1 12 9 14 7 8 5 6 11 18 17 2 16 13 15 3 4
25
24 14 19 8 6 20 13 11 2 25 4 10 1 23 18 16 12 22 17 3 5 15 7 9 21
32
14 12 15 26 1 21 16 8 9 30 24 23 10 7 18 27 32 6 13 11 17 29 31 4 22 2 19 25 3 5 28 20
33
26 33 3 18 30 13 32 12 27 14 8 11 17 1 31 4 6 21 10 20 22 19 7 25 9 28 16 2 5 29 23 24 15
32
24 16 23 2 12 15 9 6 4 20 13 26 11 29 18 22 21 7 25 19 8 3 14 5 32 17 28 30 31 1 27 10
12
6 3 9 4 8 7 2 10 11 12 5 1
25
17 20 10 12 1 18 22 25 13 8 23 14 16 21 15 7 19 3 11 5 4 9 6 24 2
5
1 2 4 3 5
33
3 8 23 33 29 30 13 19 12 31 17 2 24 9 27 10 21 14 26 25 22 16 18 6 4 28 15 20 11 5 7 1 32
22
15 19 17 12 5 4 16 13 10 8 18 6 14 20 22 9 3 11 7 21 1 2
5
5 2 3 4 1
47
14 8 41 7 20 16 31 29 37 15 18 21 19 10 44 23 42 26 38 46 32 17 3 5 47 40 39 34 35 24 43 1 33 4 27 2 12 28 45 22 36 6 30 25 9 13 11
7
6 2 5 3 1 7 4
49
35 22 3 2 31 10 8 27 38 43 28 11 49 21 45 19 9 14 15 13 36 4 34 37 47 46 26 41 16 18 7 23 25 17 32 44 24 20 40 1 42 6 33 30 29 5 39 12 48
33
8 16 10 20 11 25 14 23 13 31 15 33 30 18 12 24 2 3 4 21 7 27 29 28 17 19 9 22 6 5 26 32 1
19
14 2 16 1 8 9 17 6 12 19 18 10 7 5 3 13 15 4 11
29
18 15 19 26 27 11 28 23 7 22 13 25 21 4 20 24 3 6 1 12 9 5 16 17 10 8 2 29 14
36
11 36 1 31 10 17 34 3 19 23 13 29 14 32 30 16 2 27 8 6 9 18 21 35 24 22 33 26 12 4 25 28 15 20 5 7
36
28 5 11 31 2 1 9 14 12 33 24 36 34 16 29 19 25 20 7 23 30 17 18 13 26 21 35 8 4 32 27 22 15 6 10 3
33
4 15 20 7 8 9 27 25 13 18 2 6 5 14 21 1 16 31 11 26 10 3 19 23 22 33 30 29 17 32 28 24 12
36
16 4 30 7 13 11 35 22 36 10 34 12 27 26 15 32 17 28 5 9 25 18 31 8 21 14 23 6 19 24 3 1 20 29 2 33
13
8 12 11 7 9 5 4 6 2 10 1 13 3
5
1 5 2 3 4
46
15 30 22 32 26 25 16 23 44 4 18 10 33 42 14 8 19 11 46 21 45 27 6 5 35 41 34 3 39 24 20 37 1 31 7 2 38 13 40 29 17 36 9 43 12 28
19
10 17 12 8 1 2 16 6 14 11 15 9 7 4 19 5 3 18 13
48
31 37 40 27 46 22 7 10 23 5 33 39 17 32 36 26 4 12 19 20 16 42 18 41 30 43 28 47 35 1 2 38 25 48 9 6 45 34 3 44 21 14 8 11 24 13 15 29
1
1
42
24 6 22 21 39 40 7 18 30 15 29 11 42 12 34 2 14 27 20 3 19 41 1 25 26 38 5 17 8 28 13 16 35 31 37 36 9 10 4 23 33 32
46
25 14 18 8 38 7 19 45 46 5 43 34 9 36 33 37 12 30 26 42 10 29 11 1 15 3 21 27 6 28 16 32 40 31 13 35 17 44 41 23 24 2 4 22 39 20
15
6 15 9 5 1 12 13 14 4 10 3 8 7 11 2
6
4 5 2 6 3 1
47
4 37 34 16 26 23 6 11 5 1 7 32 29 12 14 10 3 36 35 18 2 42 21 31 20 33 40 30 44 43 38 46 45 8 28 13 27 41 39 19 24 47 15 25 22 9 17
48
39 28 21 13 1 46 18 25 38 45 2 33 42 29 43 30 20 9 23 35 12 7 16 40 4 24 8 14 10 3 32 22 19 36 34 26 17 47 37 41 11 27 5 15 48 44 31 6
19
10 1 2 14 3 4 11 8 16 5 15 19 17 9 7 18 6 12 13
46
41 14 6 10 13 9 42 32 4 35 36 5 11 20 24 2 8 46 33 21 37 29 44 25 1 19 39 18 23 16 17 38 15 28 26 30 43 3 45 22 31 34 7 27 40 12
2
1 2
22
3 17 2 13 14 20 15 8 21 22 19 11 18 10 6 5 9 12 1 16 7 4
34
6 11 2 4 27 34 3 12 31 15 9 19 23 26 18 5 17 14 7 20 10 29 24 33 1 22 8 30 13 16 25 21 32 28
49
24 47 5 3 26 8 17 16 18 36 31 2 12 1 32 49 11 25 27 45 39 37 22 20 46 14 35 41 15 7 6 9 10 29 4 19 42 28 23 40 33 48 43 44 21 13 34 38 30
20
1 12 14 9 17 20 6 11 3 18 4 10 13 2 8 15 19 5 7 16
29
7 15 9 25 24 23 29 14 28 12 6 18 11 17 22 13 1 5 27 16 2 21 3 26 20 8 4 19 10
8
3 6 1 2 7 8 5 4
23
23 18 7 5 2 14 16 20 11 10 13 12 1 19 9 3 21 6 15 22 4 17 8
43
37 4 34 25 11 19 6 2 38 12 28 39 3 24 32 27 8 26 9 5 29 30 18 23 7 31 16 41 35 33 17 14 36 21 40 22 43 1 13 42 10 20 15
18
18 6 10 2 1 12 11 5 4 13 14 3 15 9 8 7 17 16 15 3 14 4 9 13 2 6 16 17 1